function [ALDA]=myALDA3d(KS,Nx,Ny,Nz,hx,hy,hz)

Ax=-3*(3/(4*pi))^(1/3);%*27.211385*0.52917721092;
ALDA=Ax*KS.^(1/3);
%ALDA=-.7815926417965*KS.^(1/3);
%ALDA=-0.984745021842696*KS.^(1/3);
%ALDA=-1.694759204171008*KS.^(1/3);
ALDA=-0.984745021842719*KS.^(1/3);
%ALDA=-0.984745021842696*2*KS.^(1/3);
end